Start state: [[e],[1,2,3],[4,5],[]]
Moves: 0
Solution: (read from top down)
[[e],[1,2,3],[4,5],[]]

Start state: [[e],[1,2,3],[5,4],[]]
Moves: 5
Solution: (read from top down)
[[e],[1,2,3],[5,4],[]]
[[e,5,4],[1,2,3],[],[]]
[[e,5],[1,2,3],[],[4]]
[[e],[1,2,3],[5],[4]]
[[e,4],[1,2,3],[5],[]]
[[e],[1,2,3],[4,5],[]]

Start state: [[e],[1,2,4],[3,5],[]]
Moves: 8
Solution: (read from top down)
[[e],[1,2,4],[3,5],[]]
[[e,1,2],[4],[3,5],[]]
[[e],[4],[3,5],[1,2]]
[[e,4],[],[3,5],[1,2]]
[[e,4,3],[],[5],[1,2]]
[[e,4],[3],[5],[1,2]]
[[e],[3],[4,5],[1,2]]
[[e,1,2],[3],[4,5],[]]
[[e],[1,2,3],[4,5],[]]

Start state: [[e],[1,2,4],[5,3],[]]
Moves: 10
Solution: (read from top down)
[[e],[1,2,4],[5,3],[]]
[[e,1,2],[4],[5,3],[]]
[[e],[4],[5,3],[1,2]]
[[e,5,3],[4],[],[1,2]]
[[e,5],[3,4],[],[1,2]]
[[e],[3,4],[5],[1,2]]
[[e,3,4],[],[5],[1,2]]
[[e,3],[],[4,5],[1,2]]
[[e],[3],[4,5],[1,2]]
[[e,1,2],[3],[4,5],[]]
[[e],[1,2,3],[4,5],[]]

Start state: [[e],[1,2,5],[3,4],[]]
Moves: 10
Solution: (read from top down)
[[e],[1,2,5],[3,4],[]]
[[e,1,2],[5],[3,4],[]]
[[e],[5],[3,4],[1,2]]
[[e,5],[],[3,4],[1,2]]
[[e,5,3],[],[4],[1,2]]
[[e],[5,3],[4],[1,2]]
[[e,4],[5,3],[],[1,2]]
[[e,4,5],[3],[],[1,2]]
[[e],[3],[4,5],[1,2]]
[[e,1,2],[3],[4,5],[]]
[[e],[1,2,3],[4,5],[]]

Start state: [[e],[1,2,5],[4,3],[]]
Moves: 13
Solution: (read from top down)
[[e],[1,2,5],[4,3],[]]
[[e,1,2],[5],[4,3],[]]
[[e],[5],[4,3],[1,2]]
[[e,5],[],[4,3],[1,2]]
[[e,5,4],[],[3],[1,2]]
[[e],[5,4],[3],[1,2]]
[[e,3],[5,4],[],[1,2]]
[[e,3,5],[4],[],[1,2]]
[[e,3],[4],[5],[1,2]]
[[e,3,4],[],[5],[1,2]]
[[e,3],[],[4,5],[1,2]]
[[e],[3],[4,5],[1,2]]
[[e,1,2],[3],[4,5],[]]
[[e],[1,2,3],[4,5],[]]

Start state: [[e],[1,3,2],[4,5],[]]
Moves: 9
Solution: (read from top down)
[[e],[1,3,2],[4,5],[]]
[[e,1],[3,2],[4,5],[]]
[[e],[3,2],[4,5],[1]]
[[e,3,2],[],[4,5],[1]]
[[e,3],[],[4,5],[2,1]]
[[e],[3],[4,5],[2,1]]
[[e,2],[3],[4,5],[1]]
[[e],[2,3],[4,5],[1]]
[[e,1],[2,3],[4,5],[]]
[[e],[1,2,3],[4,5],[]]

Start state: [[e],[1,3,2],[5,4],[]]
Moves: 12
Solution: (read from top down)
[[e],[1,3,2],[5,4],[]]
[[e,5,4],[1,3,2],[],[]]
[[e,5],[1,3,2],[],[4]]
[[e],[1,3,2],[5],[4]]
[[e,1,3],[2],[5],[4]]
[[e,1],[2],[3,5],[4]]
[[e],[2],[3,5],[1,4]]
[[e,2],[],[3,5],[1,4]]
[[e,2,3],[],[5],[1,4]]
[[e],[2,3],[5],[1,4]]
[[e,1,4],[2,3],[5],[]]
[[e,1],[2,3],[4,5],[]]
[[e],[1,2,3],[4,5],[]]

Start state: [[e],[1,3,4],[2,5],[]]
Moves: 8
Solution: (read from top down)
[[e],[1,3,4],[2,5],[]]
[[e,1],[3,4],[2,5],[]]
[[e,1,2],[3,4],[5],[]]
[[e],[3,4],[5],[1,2]]
[[e,3,4],[],[5],[1,2]]
[[e,3],[],[4,5],[1,2]]
[[e],[3],[4,5],[1,2]]
[[e,1,2],[3],[4,5],[]]
[[e],[1,2,3],[4,5],[]]

Start state: [[e],[1,3,4],[5,2],[]]
Moves: 10
Solution: (read from top down)
[[e],[1,3,4],[5,2],[]]
[[e,5,2],[1,3,4],[],[]]
[[e,5],[1,3,4],[],[2]]
[[e],[1,3,4],[5],[2]]
[[e,1],[3,4],[5],[2]]
[[e],[3,4],[5],[1,2]]
[[e,3,4],[],[5],[1,2]]
[[e,3],[],[4,5],[1,2]]
[[e],[3],[4,5],[1,2]]
[[e,1,2],[3],[4,5],[]]
[[e],[1,2,3],[4,5],[]]

Start state: [[e],[1,3,5],[2,4],[]]
Moves: 12
Solution: (read from top down)
[[e],[1,3,5],[2,4],[]]
[[e,1],[3,5],[2,4],[]]
[[e],[3,5],[2,4],[1]]
[[e,3,5],[],[2,4],[1]]
[[e,3],[],[2,4],[5,1]]
[[e],[3],[2,4],[5,1]]
[[e,2],[3],[4],[5,1]]
[[e],[2,3],[4],[5,1]]
[[e,4],[2,3],[],[5,1]]
[[e,4,5],[2,3],[],[1]]
[[e],[2,3],[4,5],[1]]
[[e,1],[2,3],[4,5],[]]
[[e],[1,2,3],[4,5],[]]

Start state: [[e],[1,3,5],[4,2],[]]
Moves: 11
Solution: (read from top down)
[[e],[1,3,5],[4,2],[]]
[[e,1],[3,5],[4,2],[]]
[[e],[3,5],[4,2],[1]]
[[e,3,5],[],[4,2],[1]]
[[e,3],[],[4,2],[5,1]]
[[e],[3],[4,2],[5,1]]
[[e,4,2],[3],[],[5,1]]
[[e,4],[2,3],[],[5,1]]
[[e,4,5],[2,3],[],[1]]
[[e],[2,3],[4,5],[1]]
[[e,1],[2,3],[4,5],[]]
[[e],[1,2,3],[4,5],[]]

Start state: [[e],[1,4,2],[3,5],[]]
Moves: 8
Solution: (read from top down)
[[e],[1,4,2],[3,5],[]]
[[e,1,4],[2],[3,5],[]]
[[e],[2],[3,5],[1,4]]
[[e,2],[],[3,5],[1,4]]
[[e,2,3],[],[5],[1,4]]
[[e],[2,3],[5],[1,4]]
[[e,1,4],[2,3],[5],[]]
[[e,1],[2,3],[4,5],[]]
[[e],[1,2,3],[4,5],[]]

Start state: [[e],[1,4,2],[5,3],[]]
Moves: 12
Solution: (read from top down)
[[e],[1,4,2],[5,3],[]]
[[e,1],[4,2],[5,3],[]]
[[e],[4,2],[5,3],[1]]
[[e,5,3],[4,2],[],[1]]
[[e,5],[4,2],[],[3,1]]
[[e],[4,2],[5],[3,1]]
[[e,4],[2],[5],[3,1]]
[[e],[2],[4,5],[3,1]]
[[e,2],[],[4,5],[3,1]]
[[e,2,3],[],[4,5],[1]]
[[e],[2,3],[4,5],[1]]
[[e,1],[2,3],[4,5],[]]
[[e],[1,2,3],[4,5],[]]

Start state: [[e],[1,4,3],[2,5],[]]
Moves: 6
Solution: (read from top down)
[[e],[1,4,3],[2,5],[]]
[[e,1,4],[3],[2,5],[]]
[[e,1],[3],[2,5],[4]]
[[e,1,2],[3],[5],[4]]
[[e],[1,2,3],[5],[4]]
[[e,4],[1,2,3],[5],[]]
[[e],[1,2,3],[4,5],[]]

Start state: [[e],[1,4,3],[5,2],[]]
Moves: 7
Solution: (read from top down)
[[e],[1,4,3],[5,2],[]]
[[e,5,2],[1,4,3],[],[]]
[[e,5],[1,4,3],[],[2]]
[[e],[1,4,3],[5],[2]]
[[e,1,4],[3],[5],[2]]
[[e,1],[3],[4,5],[2]]
[[e,1,2],[3],[4,5],[]]
[[e],[1,2,3],[4,5],[]]

Start state: [[e],[1,4,5],[2,3],[]]
Moves: 14
Solution: (read from top down)
[[e],[1,4,5],[2,3],[]]
[[e,1,4],[5],[2,3],[]]
[[e],[5],[2,3],[1,4]]
[[e,2,3],[5],[],[1,4]]
[[e,2],[3,5],[],[1,4]]
[[e],[3,5],[2],[1,4]]
[[e,3,5],[],[2],[1,4]]
[[e,3],[],[5,2],[1,4]]
[[e],[3],[5,2],[1,4]]
[[e,5,2],[3],[],[1,4]]
[[e,5],[2,3],[],[1,4]]
[[e],[2,3],[5],[1,4]]
[[e,1,4],[2,3],[5],[]]
[[e,1],[2,3],[4,5],[]]
[[e],[1,2,3],[4,5],[]]

Start state: [[e],[1,4,5],[3,2],[]]
Moves: 11
Solution: (read from top down)
[[e],[1,4,5],[3,2],[]]
[[e,1,4],[5],[3,2],[]]
[[e],[5],[3,2],[1,4]]
[[e,5],[],[3,2],[1,4]]
[[e,5,3],[],[2],[1,4]]
[[e,5],[3],[2],[1,4]]
[[e,5,2],[3],[],[1,4]]
[[e,5],[2,3],[],[1,4]]
[[e],[2,3],[5],[1,4]]
[[e,1,4],[2,3],[5],[]]
[[e,1],[2,3],[4,5],[]]
[[e],[1,2,3],[4,5],[]]

Start state: [[e],[1,5,2],[3,4],[]]
Moves: 10
Solution: (read from top down)
[[e],[1,5,2],[3,4],[]]
[[e,1,5],[2],[3,4],[]]
[[e],[2],[3,4],[1,5]]
[[e,2],[],[3,4],[1,5]]
[[e,2,3],[],[4],[1,5]]
[[e],[2,3],[4],[1,5]]
[[e,4],[2,3],[],[1,5]]
[[e,4,1],[2,3],[],[5]]
[[e,4],[1,2,3],[],[5]]
[[e,4,5],[1,2,3],[],[]]
[[e],[1,2,3],[4,5],[]]

Start state: [[e],[1,5,2],[4,3],[]]
Moves: 11
Solution: (read from top down)
[[e],[1,5,2],[4,3],[]]
[[e,1],[5,2],[4,3],[]]
[[e],[5,2],[4,3],[1]]
[[e,4,3],[5,2],[],[1]]
[[e,4],[5,2],[],[3,1]]
[[e,4,5],[2],[],[3,1]]
[[e],[2],[4,5],[3,1]]
[[e,2],[],[4,5],[3,1]]
[[e,2,3],[],[4,5],[1]]
[[e],[2,3],[4,5],[1]]
[[e,1],[2,3],[4,5],[]]
[[e],[1,2,3],[4,5],[]]

Start state: [[e],[1,5,3],[2,4],[]]
Moves: 7
Solution: (read from top down)
[[e],[1,5,3],[2,4],[]]
[[e,1,5],[3],[2,4],[]]
[[e,1],[3],[2,4],[5]]
[[e,1,2],[3],[4],[5]]
[[e],[1,2,3],[4],[5]]
[[e,4],[1,2,3],[],[5]]
[[e,4,5],[1,2,3],[],[]]
[[e],[1,2,3],[4,5],[]]

Start state: [[e],[1,5,3],[4,2],[]]
Moves: 8
Solution: (read from top down)
[[e],[1,5,3],[4,2],[]]
[[e,1,5],[3],[4,2],[]]
[[e],[3],[4,2],[1,5]]
[[e,4,2],[3],[],[1,5]]
[[e,4],[2,3],[],[1,5]]
[[e,4,1],[2,3],[],[5]]
[[e,4],[1,2,3],[],[5]]
[[e,4,5],[1,2,3],[],[]]
[[e],[1,2,3],[4,5],[]]

Start state: [[e],[1,5,4],[2,3],[]]
Moves: 11
Solution: (read from top down)
[[e],[1,5,4],[2,3],[]]
[[e,1],[5,4],[2,3],[]]
[[e,1,2],[5,4],[3],[]]
[[e],[5,4],[3],[1,2]]
[[e,3],[5,4],[],[1,2]]
[[e,3,5],[4],[],[1,2]]
[[e,3],[4],[5],[1,2]]
[[e,3,4],[],[5],[1,2]]
[[e,3],[],[4,5],[1,2]]
[[e],[3],[4,5],[1,2]]
[[e,1,2],[3],[4,5],[]]
[[e],[1,2,3],[4,5],[]]

Start state: [[e],[1,5,4],[3,2],[]]
Moves: 10
Solution: (read from top down)
[[e],[1,5,4],[3,2],[]]
[[e,1,5],[4],[3,2],[]]
[[e,1],[4],[3,2],[5]]
[[e,1,4],[],[3,2],[5]]
[[e,1],[],[3,2],[4,5]]
[[e,1,3],[],[2],[4,5]]
[[e,1],[3],[2],[4,5]]
[[e,1,2],[3],[],[4,5]]
[[e],[1,2,3],[],[4,5]]
[[e,4,5],[1,2,3],[],[]]
[[e],[1,2,3],[4,5],[]]

Start state: [[e],[2,1,3],[4,5],[]]
Moves: 5
Solution: (read from top down)
[[e],[2,1,3],[4,5],[]]
[[e,2,1],[3],[4,5],[]]
[[e,2],[3],[4,5],[1]]
[[e],[2,3],[4,5],[1]]
[[e,1],[2,3],[4,5],[]]
[[e],[1,2,3],[4,5],[]]

Start state: [[e],[2,1,3],[5,4],[]]
Moves: 9
Solution: (read from top down)
[[e],[2,1,3],[5,4],[]]
[[e,2,1],[3],[5,4],[]]
[[e,2],[3],[5,4],[1]]
[[e],[2,3],[5,4],[1]]
[[e,5,4],[2,3],[],[1]]
[[e,5],[2,3],[],[4,1]]
[[e],[2,3],[5],[4,1]]
[[e,4,1],[2,3],[5],[]]
[[e,4],[1,2,3],[5],[]]
[[e],[1,2,3],[4,5],[]]

Start state: [[e],[2,1,4],[3,5],[]]
Moves: 9
Solution: (read from top down)
[[e],[2,1,4],[3,5],[]]
[[e,2,1],[4],[3,5],[]]
[[e,2],[4],[3,5],[1]]
[[e,2,4],[],[3,5],[1]]
[[e,2],[],[3,5],[4,1]]
[[e,2,3],[],[5],[4,1]]
[[e],[2,3],[5],[4,1]]
[[e,4,1],[2,3],[5],[]]
[[e,4],[1,2,3],[5],[]]
[[e],[1,2,3],[4,5],[]]

Start state: [[e],[2,1,4],[5,3],[]]
Moves: 11
Solution: (read from top down)
[[e],[2,1,4],[5,3],[]]
[[e,2],[1,4],[5,3],[]]
[[e],[1,4],[5,3],[2]]
[[e,5,3],[1,4],[],[2]]
[[e,5],[1,4],[],[3,2]]
[[e],[1,4],[5],[3,2]]
[[e,1,4],[],[5],[3,2]]
[[e,1],[],[4,5],[3,2]]
[[e,1,3],[],[4,5],[2]]
[[e,1],[3],[4,5],[2]]
[[e,1,2],[3],[4,5],[]]
[[e],[1,2,3],[4,5],[]]

Start state: [[e],[2,1,5],[3,4],[]]
Moves: 11
Solution: (read from top down)
[[e],[2,1,5],[3,4],[]]
[[e,2,1],[5],[3,4],[]]
[[e,2],[5],[3,4],[1]]
[[e,2,5],[],[3,4],[1]]
[[e,2],[],[3,4],[5,1]]
[[e,2,3],[],[4],[5,1]]
[[e],[2,3],[4],[5,1]]
[[e,4],[2,3],[],[5,1]]
[[e,4,5],[2,3],[],[1]]
[[e],[2,3],[4,5],[1]]
[[e,1],[2,3],[4,5],[]]
[[e],[1,2,3],[4,5],[]]

Start state: [[e],[2,1,5],[4,3],[]]
Moves: 14
Solution: (read from top down)
[[e],[2,1,5],[4,3],[]]
[[e,2,1],[5],[4,3],[]]
[[e],[5],[4,3],[2,1]]
[[e,5],[],[4,3],[2,1]]
[[e,5,2],[],[4,3],[1]]
[[e],[5,2],[4,3],[1]]
[[e,4,3],[5,2],[],[1]]
[[e,4],[5,2],[],[3,1]]
[[e,4,5],[2],[],[3,1]]
[[e],[2],[4,5],[3,1]]
[[e,2],[],[4,5],[3,1]]
[[e,2,3],[],[4,5],[1]]
[[e],[2,3],[4,5],[1]]
[[e,1],[2,3],[4,5],[]]
[[e],[1,2,3],[4,5],[]]

Start state: [[e],[2,3,1],[4,5],[]]
Moves: 7
Solution: (read from top down)
[[e],[2,3,1],[4,5],[]]
[[e,2],[3,1],[4,5],[]]
[[e],[3,1],[4,5],[2]]
[[e,3,1],[],[4,5],[2]]
[[e,3],[],[4,5],[1,2]]
[[e],[3],[4,5],[1,2]]
[[e,1,2],[3],[4,5],[]]
[[e],[1,2,3],[4,5],[]]

Start state: [[e],[2,3,1],[5,4],[]]
Moves: 11
Solution: (read from top down)
[[e],[2,3,1],[5,4],[]]
[[e,5],[2,3,1],[4],[]]
[[e,5,2],[3,1],[4],[]]
[[e],[3,1],[4],[5,2]]
[[e,4],[3,1],[],[5,2]]
[[e,4,5],[3,1],[],[2]]
[[e],[3,1],[4,5],[2]]
[[e,3,1],[],[4,5],[2]]
[[e,3],[],[4,5],[1,2]]
[[e],[3],[4,5],[1,2]]
[[e,1,2],[3],[4,5],[]]
[[e],[1,2,3],[4,5],[]]

Start state: [[e],[2,3,4],[1,5],[]]
Moves: 8
Solution: (read from top down)
[[e],[2,3,4],[1,5],[]]
[[e,1],[2,3,4],[5],[]]
[[e,1,2],[3,4],[5],[]]
[[e],[3,4],[5],[1,2]]
[[e,3,4],[],[5],[1,2]]
[[e,3],[],[4,5],[1,2]]
[[e],[3],[4,5],[1,2]]
[[e,1,2],[3],[4,5],[]]
[[e],[1,2,3],[4,5],[]]

Start state: [[e],[2,3,4],[5,1],[]]
Moves: 10
Solution: (read from top down)
[[e],[2,3,4],[5,1],[]]
[[e,2],[3,4],[5,1],[]]
[[e],[3,4],[5,1],[2]]
[[e,5,1],[3,4],[],[2]]
[[e,5],[3,4],[],[1,2]]
[[e],[3,4],[5],[1,2]]
[[e,3,4],[],[5],[1,2]]
[[e,3],[],[4,5],[1,2]]
[[e],[3],[4,5],[1,2]]
[[e,1,2],[3],[4,5],[]]
[[e],[1,2,3],[4,5],[]]

Start state: [[e],[2,3,5],[1,4],[]]
Moves: 13
Solution: (read from top down)
[[e],[2,3,5],[1,4],[]]
[[e,1,4],[2,3,5],[],[]]
[[e],[2,3,5],[],[1,4]]
[[e,2],[3,5],[],[1,4]]
[[e],[3,5],[2],[1,4]]
[[e,3,5],[],[2],[1,4]]
[[e,3],[],[5,2],[1,4]]
[[e],[3],[5,2],[1,4]]
[[e,5,2],[3],[],[1,4]]
[[e,5],[2,3],[],[1,4]]
[[e],[2,3],[5],[1,4]]
[[e,1,4],[2,3],[5],[]]
[[e,1],[2,3],[4,5],[]]
[[e],[1,2,3],[4,5],[]]

Start state: [[e],[2,3,5],[4,1],[]]
Moves: 12
Solution: (read from top down)
[[e],[2,3,5],[4,1],[]]
[[e,2],[3,5],[4,1],[]]
[[e],[3,5],[4,1],[2]]
[[e,3,5],[],[4,1],[2]]
[[e,3],[],[4,1],[5,2]]
[[e],[3],[4,1],[5,2]]
[[e,4,1],[3],[],[5,2]]
[[e,4],[1,3],[],[5,2]]
[[e,4,5],[1,3],[],[2]]
[[e],[1,3],[4,5],[2]]
[[e,1],[3],[4,5],[2]]
[[e,1,2],[3],[4,5],[]]
[[e],[1,2,3],[4,5],[]]

Start state: [[e],[2,4,1],[3,5],[]]
Moves: 9
Solution: (read from top down)
[[e],[2,4,1],[3,5],[]]
[[e,2,4],[1],[3,5],[]]
[[e],[1],[3,5],[2,4]]
[[e,1],[],[3,5],[2,4]]
[[e,1,3],[],[5],[2,4]]
[[e,1],[3],[5],[2,4]]
[[e,1,2],[3],[5],[4]]
[[e],[1,2,3],[5],[4]]
[[e,4],[1,2,3],[5],[]]
[[e],[1,2,3],[4,5],[]]

Start state: [[e],[2,4,1],[5,3],[]]
Moves: 12
Solution: (read from top down)
[[e],[2,4,1],[5,3],[]]
[[e,2],[4,1],[5,3],[]]
[[e],[4,1],[5,3],[2]]
[[e,5,3],[4,1],[],[2]]
[[e,5],[3,4,1],[],[2]]
[[e],[3,4,1],[5],[2]]
[[e,3,4],[1],[5],[2]]
[[e,3],[1],[4,5],[2]]
[[e,3,1],[],[4,5],[2]]
[[e,3],[],[4,5],[1,2]]
[[e],[3],[4,5],[1,2]]
[[e,1,2],[3],[4,5],[]]
[[e],[1,2,3],[4,5],[]]

Start state: [[e],[2,4,3],[1,5],[]]
Moves: 7
Solution: (read from top down)
[[e],[2,4,3],[1,5],[]]
[[e,2,4],[3],[1,5],[]]
[[e],[3],[1,5],[2,4]]
[[e,1],[3],[5],[2,4]]
[[e,1,2],[3],[5],[4]]
[[e],[1,2,3],[5],[4]]
[[e,4],[1,2,3],[5],[]]
[[e],[1,2,3],[4,5],[]]

Start state: [[e],[2,4,3],[5,1],[]]
Moves: 8
Solution: (read from top down)
[[e],[2,4,3],[5,1],[]]
[[e,2,4],[3],[5,1],[]]
[[e,2],[3],[5,1],[4]]
[[e],[2,3],[5,1],[4]]
[[e,5,1],[2,3],[],[4]]
[[e,5],[1,2,3],[],[4]]
[[e],[1,2,3],[5],[4]]
[[e,4],[1,2,3],[5],[]]
[[e],[1,2,3],[4,5],[]]

Start state: [[e],[2,4,5],[1,3],[]]
Moves: 14
Solution: (read from top down)
[[e],[2,4,5],[1,3],[]]
[[e,1],[2,4,5],[3],[]]
[[e,1,2],[4,5],[3],[]]
[[e],[4,5],[3],[1,2]]
[[e,4,5],[],[3],[1,2]]
[[e,4],[],[5,3],[1,2]]
[[e],[4],[5,3],[1,2]]
[[e,5,3],[4],[],[1,2]]
[[e,5],[3,4],[],[1,2]]
[[e],[3,4],[5],[1,2]]
[[e,3,4],[],[5],[1,2]]
[[e,3],[],[4,5],[1,2]]
[[e],[3],[4,5],[1,2]]
[[e,1,2],[3],[4,5],[]]
[[e],[1,2,3],[4,5],[]]

Start state: [[e],[2,4,5],[3,1],[]]
Moves: 12
Solution: (read from top down)
[[e],[2,4,5],[3,1],[]]
[[e,2,4],[5],[3,1],[]]
[[e],[5],[3,1],[2,4]]
[[e,5],[],[3,1],[2,4]]
[[e,5,3],[],[1],[2,4]]
[[e],[5,3],[1],[2,4]]
[[e,1],[5,3],[],[2,4]]
[[e,1,5],[3],[],[2,4]]
[[e,1],[3],[5],[2,4]]
[[e,1,2],[3],[5],[4]]
[[e],[1,2,3],[5],[4]]
[[e,4],[1,2,3],[5],[]]
[[e],[1,2,3],[4,5],[]]

Start state: [[e],[2,5,1],[3,4],[]]
Moves: 10
Solution: (read from top down)
[[e],[2,5,1],[3,4],[]]
[[e,2,5],[1],[3,4],[]]
[[e],[1],[3,4],[2,5]]
[[e,1],[],[3,4],[2,5]]
[[e,1,3],[],[4],[2,5]]
[[e,1],[3],[4],[2,5]]
[[e,1,2],[3],[4],[5]]
[[e],[1,2,3],[4],[5]]
[[e,4],[1,2,3],[],[5]]
[[e,4,5],[1,2,3],[],[]]
[[e],[1,2,3],[4,5],[]]

Start state: [[e],[2,5,1],[4,3],[]]
Moves: 11
Solution: (read from top down)
[[e],[2,5,1],[4,3],[]]
[[e,2],[5,1],[4,3],[]]
[[e],[5,1],[4,3],[2]]
[[e,4,3],[5,1],[],[2]]
[[e,4],[5,1],[],[3,2]]
[[e,4,5],[1],[],[3,2]]
[[e],[1],[4,5],[3,2]]
[[e,1],[],[4,5],[3,2]]
[[e,1,3],[],[4,5],[2]]
[[e,1],[3],[4,5],[2]]
[[e,1,2],[3],[4,5],[]]
[[e],[1,2,3],[4,5],[]]

Start state: [[e],[2,5,3],[1,4],[]]
Moves: 8
Solution: (read from top down)
[[e],[2,5,3],[1,4],[]]
[[e,2,5],[3],[1,4],[]]
[[e],[3],[1,4],[2,5]]
[[e,1],[3],[4],[2,5]]
[[e,1,2],[3],[4],[5]]
[[e],[1,2,3],[4],[5]]
[[e,4],[1,2,3],[],[5]]
[[e,4,5],[1,2,3],[],[]]
[[e],[1,2,3],[4,5],[]]

Start state: [[e],[2,5,3],[4,1],[]]
Moves: 7
Solution: (read from top down)
[[e],[2,5,3],[4,1],[]]
[[e,2,5],[3],[4,1],[]]
[[e,2],[3],[4,1],[5]]
[[e],[2,3],[4,1],[5]]
[[e,4,1],[2,3],[],[5]]
[[e,4],[1,2,3],[],[5]]
[[e,4,5],[1,2,3],[],[]]
[[e],[1,2,3],[4,5],[]]

Start state: [[e],[2,5,4],[1,3],[]]
Moves: 11
Solution: (read from top down)
[[e],[2,5,4],[1,3],[]]
[[e,1],[2,5,4],[3],[]]
[[e,1,2],[5,4],[3],[]]
[[e],[5,4],[3],[1,2]]
[[e,3],[5,4],[],[1,2]]
[[e,3,5],[4],[],[1,2]]
[[e,3],[4],[5],[1,2]]
[[e,3,4],[],[5],[1,2]]
[[e,3],[],[4,5],[1,2]]
[[e],[3],[4,5],[1,2]]
[[e,1,2],[3],[4,5],[]]
[[e],[1,2,3],[4,5],[]]

Start state: [[e],[2,5,4],[3,1],[]]
Moves: 10
Solution: (read from top down)
[[e],[2,5,4],[3,1],[]]
[[e,2,5],[4],[3,1],[]]
[[e,2],[4],[3,1],[5]]
[[e,2,4],[],[3,1],[5]]
[[e,2],[],[3,1],[4,5]]
[[e,2,3],[],[1],[4,5]]
[[e],[2,3],[1],[4,5]]
[[e,1],[2,3],[],[4,5]]
[[e],[1,2,3],[],[4,5]]
[[e,4,5],[1,2,3],[],[]]
[[e],[1,2,3],[4,5],[]]

Start state: [[e],[3,1,2],[4,5],[]]
Moves: 7
Solution: (read from top down)
[[e],[3,1,2],[4,5],[]]
[[e,3,1],[2],[4,5],[]]
[[e],[2],[4,5],[3,1]]
[[e,2],[],[4,5],[3,1]]
[[e,2,3],[],[4,5],[1]]
[[e],[2,3],[4,5],[1]]
[[e,1],[2,3],[4,5],[]]
[[e],[1,2,3],[4,5],[]]

Start state: [[e],[3,1,2],[5,4],[]]
Moves: 11
Solution: (read from top down)
[[e],[3,1,2],[5,4],[]]
[[e,3,1],[2],[5,4],[]]
[[e],[2],[5,4],[3,1]]
[[e,2],[],[5,4],[3,1]]
[[e,2,3],[],[5,4],[1]]
[[e],[2,3],[5,4],[1]]
[[e,5,4],[2,3],[],[1]]
[[e,5],[2,3],[],[4,1]]
[[e],[2,3],[5],[4,1]]
[[e,4,1],[2,3],[5],[]]
[[e,4],[1,2,3],[5],[]]
[[e],[1,2,3],[4,5],[]]

Start state: [[e],[3,1,4],[2,5],[]]
Moves: 9
Solution: (read from top down)
[[e],[3,1,4],[2,5],[]]
[[e,3,1],[4],[2,5],[]]
[[e],[4],[2,5],[3,1]]
[[e,2],[4],[5],[3,1]]
[[e,2,4],[],[5],[3,1]]
[[e,2],[],[4,5],[3,1]]
[[e,2,3],[],[4,5],[1]]
[[e],[2,3],[4,5],[1]]
[[e,1],[2,3],[4,5],[]]
[[e],[1,2,3],[4,5],[]]

Start state: [[e],[3,1,4],[5,2],[]]
Moves: 10
Solution: (read from top down)
[[e],[3,1,4],[5,2],[]]
[[e,5,2],[3,1,4],[],[]]
[[e,5],[3,1,4],[],[2]]
[[e],[3,1,4],[5],[2]]
[[e,3,1],[4],[5],[2]]
[[e,3],[4],[5],[1,2]]
[[e,3,4],[],[5],[1,2]]
[[e,3],[],[4,5],[1,2]]
[[e],[3],[4,5],[1,2]]
[[e,1,2],[3],[4,5],[]]
[[e],[1,2,3],[4,5],[]]

Start state: [[e],[3,1,5],[2,4],[]]
Moves: 12
Solution: (read from top down)
[[e],[3,1,5],[2,4],[]]
[[e,3,1],[5],[2,4],[]]
[[e],[5],[2,4],[3,1]]
[[e,5],[],[2,4],[3,1]]
[[e,5,3],[],[2,4],[1]]
[[e,5],[3],[2,4],[1]]
[[e,5,2],[3],[4],[1]]
[[e],[5,2,3],[4],[1]]
[[e,4],[5,2,3],[],[1]]
[[e,4,5],[2,3],[],[1]]
[[e],[2,3],[4,5],[1]]
[[e,1],[2,3],[4,5],[]]
[[e],[1,2,3],[4,5],[]]

Start state: [[e],[3,1,5],[4,2],[]]
Moves: 11
Solution: (read from top down)
[[e],[3,1,5],[4,2],[]]
[[e,3,1],[5],[4,2],[]]
[[e,3],[5],[4,2],[1]]
[[e,3,5],[],[4,2],[1]]
[[e,3],[],[4,2],[5,1]]
[[e],[3],[4,2],[5,1]]
[[e,4,2],[3],[],[5,1]]
[[e,4],[2,3],[],[5,1]]
[[e,4,5],[2,3],[],[1]]
[[e],[2,3],[4,5],[1]]
[[e,1],[2,3],[4,5],[]]
[[e],[1,2,3],[4,5],[]]

Start state: [[e],[3,2,1],[4,5],[]]
Moves: 7
Solution: (read from top down)
[[e],[3,2,1],[4,5],[]]
[[e,3,2],[1],[4,5],[]]
[[e],[1],[4,5],[3,2]]
[[e,1],[],[4,5],[3,2]]
[[e,1,3],[],[4,5],[2]]
[[e,1],[3],[4,5],[2]]
[[e,1,2],[3],[4,5],[]]
[[e],[1,2,3],[4,5],[]]

Start state: [[e],[3,2,1],[5,4],[]]
Moves: 12
Solution: (read from top down)
[[e],[3,2,1],[5,4],[]]
[[e,3,2],[1],[5,4],[]]
[[e],[1],[5,4],[3,2]]
[[e,5,4],[1],[],[3,2]]
[[e,5],[4,1],[],[3,2]]
[[e],[4,1],[5],[3,2]]
[[e,4],[1],[5],[3,2]]
[[e],[1],[4,5],[3,2]]
[[e,1],[],[4,5],[3,2]]
[[e,1,3],[],[4,5],[2]]
[[e,1],[3],[4,5],[2]]
[[e,1,2],[3],[4,5],[]]
[[e],[1,2,3],[4,5],[]]

Start state: [[e],[3,2,4],[1,5],[]]
Moves: 9
Solution: (read from top down)
[[e],[3,2,4],[1,5],[]]
[[e,3,2],[4],[1,5],[]]
[[e],[4],[1,5],[3,2]]
[[e,1],[4],[5],[3,2]]
[[e,1,4],[],[5],[3,2]]
[[e,1],[],[4,5],[3,2]]
[[e,1,3],[],[4,5],[2]]
[[e,1],[3],[4,5],[2]]
[[e,1,2],[3],[4,5],[]]
[[e],[1,2,3],[4,5],[]]

Start state: [[e],[3,2,4],[5,1],[]]
Moves: 11
Solution: (read from top down)
[[e],[3,2,4],[5,1],[]]
[[e,3,2],[4],[5,1],[]]
[[e],[4],[5,1],[3,2]]
[[e,5,1],[4],[],[3,2]]
[[e,5],[1,4],[],[3,2]]
[[e],[1,4],[5],[3,2]]
[[e,1,4],[],[5],[3,2]]
[[e,1],[],[4,5],[3,2]]
[[e,1,3],[],[4,5],[2]]
[[e,1],[3],[4,5],[2]]
[[e,1,2],[3],[4,5],[]]
[[e],[1,2,3],[4,5],[]]

Start state: [[e],[3,2,5],[1,4],[]]
Moves: 12
Solution: (read from top down)
[[e],[3,2,5],[1,4],[]]
[[e,3,2],[5],[1,4],[]]
[[e],[5],[1,4],[3,2]]
[[e,5],[],[1,4],[3,2]]
[[e,5,3],[],[1,4],[2]]
[[e],[5,3],[1,4],[2]]
[[e,1,4],[5,3],[],[2]]
[[e,1],[4,5,3],[],[2]]
[[e],[4,5,3],[],[1,2]]
[[e,4,5],[3],[],[1,2]]
[[e],[3],[4,5],[1,2]]
[[e,1,2],[3],[4,5],[]]
[[e],[1,2,3],[4,5],[]]

Start state: [[e],[3,2,5],[4,1],[]]
Moves: 11
Solution: (read from top down)
[[e],[3,2,5],[4,1],[]]
[[e,3,2],[5],[4,1],[]]
[[e],[5],[4,1],[3,2]]
[[e,5],[],[4,1],[3,2]]
[[e,5,3],[],[4,1],[2]]
[[e],[5,3],[4,1],[2]]
[[e,4,1],[5,3],[],[2]]
[[e,4],[5,3],[],[1,2]]
[[e,4,5],[3],[],[1,2]]
[[e],[3],[4,5],[1,2]]
[[e,1,2],[3],[4,5],[]]
[[e],[1,2,3],[4,5],[]]

Start state: [[e],[3,4,1],[2,5],[]]
Moves: 9
Solution: (read from top down)
[[e],[3,4,1],[2,5],[]]
[[e,3,4],[1],[2,5],[]]
[[e],[1],[2,5],[3,4]]
[[e,1],[],[2,5],[3,4]]
[[e,1,3],[],[2,5],[4]]
[[e,1],[3],[2,5],[4]]
[[e,1,2],[3],[5],[4]]
[[e],[1,2,3],[5],[4]]
[[e,4],[1,2,3],[5],[]]
[[e],[1,2,3],[4,5],[]]

Start state: [[e],[3,4,1],[5,2],[]]
Moves: 10
Solution: (read from top down)
[[e],[3,4,1],[5,2],[]]
[[e,5,2],[3,4,1],[],[]]
[[e,5],[3,4,1],[],[2]]
[[e],[3,4,1],[5],[2]]
[[e,3,4],[1],[5],[2]]
[[e,3],[1],[4,5],[2]]
[[e,3,1],[],[4,5],[2]]
[[e,3],[],[4,5],[1,2]]
[[e],[3],[4,5],[1,2]]
[[e,1,2],[3],[4,5],[]]
[[e],[1,2,3],[4,5],[]]

Start state: [[e],[3,4,2],[1,5],[]]
Moves: 9
Solution: (read from top down)
[[e],[3,4,2],[1,5],[]]
[[e,3,4],[2],[1,5],[]]
[[e],[2],[1,5],[3,4]]
[[e,2],[],[1,5],[3,4]]
[[e,2,3],[],[1,5],[4]]
[[e],[2,3],[1,5],[4]]
[[e,1],[2,3],[5],[4]]
[[e],[1,2,3],[5],[4]]
[[e,4],[1,2,3],[5],[]]
[[e],[1,2,3],[4,5],[]]

Start state: [[e],[3,4,2],[5,1],[]]
Moves: 10
Solution: (read from top down)
[[e],[3,4,2],[5,1],[]]
[[e,3,4],[2],[5,1],[]]
[[e],[2],[5,1],[3,4]]
[[e,2],[],[5,1],[3,4]]
[[e,2,3],[],[5,1],[4]]
[[e],[2,3],[5,1],[4]]
[[e,5,1],[2,3],[],[4]]
[[e,5],[1,2,3],[],[4]]
[[e],[1,2,3],[5],[4]]
[[e,4],[1,2,3],[5],[]]
[[e],[1,2,3],[4,5],[]]

Start state: [[e],[3,4,5],[1,2],[]]
Moves: 11
Solution: (read from top down)
[[e],[3,4,5],[1,2],[]]
[[e,3,4],[5],[1,2],[]]
[[e,3],[5],[1,2],[4]]
[[e,3,5],[],[1,2],[4]]
[[e,3],[],[1,2],[5,4]]
[[e],[3],[1,2],[5,4]]
[[e,1,2],[3],[],[5,4]]
[[e],[1,2,3],[],[5,4]]
[[e,5],[1,2,3],[],[4]]
[[e],[1,2,3],[5],[4]]
[[e,4],[1,2,3],[5],[]]
[[e],[1,2,3],[4,5],[]]

Start state: [[e],[3,4,5],[2,1],[]]
Moves: 12
Solution: (read from top down)
[[e],[3,4,5],[2,1],[]]
[[e,3,4],[5],[2,1],[]]
[[e],[5],[2,1],[3,4]]
[[e,5],[],[2,1],[3,4]]
[[e,5,3],[],[2,1],[4]]
[[e,5],[3],[2,1],[4]]
[[e,5,2],[3],[1],[4]]
[[e,5],[2,3],[1],[4]]
[[e,5,1],[2,3],[],[4]]
[[e,5],[1,2,3],[],[4]]
[[e],[1,2,3],[5],[4]]
[[e,4],[1,2,3],[5],[]]
[[e],[1,2,3],[4,5],[]]

Start state: [[e],[3,5,1],[2,4],[]]
Moves: 10
Solution: (read from top down)
[[e],[3,5,1],[2,4],[]]
[[e,3,5],[1],[2,4],[]]
[[e],[1],[2,4],[3,5]]
[[e,1],[],[2,4],[3,5]]
[[e,1,3],[],[2,4],[5]]
[[e,1],[3],[2,4],[5]]
[[e,1,2],[3],[4],[5]]
[[e],[1,2,3],[4],[5]]
[[e,4],[1,2,3],[],[5]]
[[e,4,5],[1,2,3],[],[]]
[[e],[1,2,3],[4,5],[]]

Start state: [[e],[3,5,1],[4,2],[]]
Moves: 11
Solution: (read from top down)
[[e],[3,5,1],[4,2],[]]
[[e,3,5],[1],[4,2],[]]
[[e],[1],[4,2],[3,5]]
[[e,1],[],[4,2],[3,5]]
[[e,1,3],[],[4,2],[5]]
[[e,1],[3],[4,2],[5]]
[[e,1,4],[3],[2],[5]]
[[e,1],[3],[2],[4,5]]
[[e,1,2],[3],[],[4,5]]
[[e],[1,2,3],[],[4,5]]
[[e,4,5],[1,2,3],[],[]]
[[e],[1,2,3],[4,5],[]]

Start state: [[e],[3,5,2],[1,4],[]]
Moves: 10
Solution: (read from top down)
[[e],[3,5,2],[1,4],[]]
[[e,3,5],[2],[1,4],[]]
[[e],[2],[1,4],[3,5]]
[[e,2],[],[1,4],[3,5]]
[[e,2,3],[],[1,4],[5]]
[[e],[2,3],[1,4],[5]]
[[e,1,4],[2,3],[],[5]]
[[e,1],[2,3],[],[4,5]]
[[e],[1,2,3],[],[4,5]]
[[e,4,5],[1,2,3],[],[]]
[[e],[1,2,3],[4,5],[]]

Start state: [[e],[3,5,2],[4,1],[]]
Moves: 9
Solution: (read from top down)
[[e],[3,5,2],[4,1],[]]
[[e,3,5],[2],[4,1],[]]
[[e],[2],[4,1],[3,5]]
[[e,2],[],[4,1],[3,5]]
[[e,2,3],[],[4,1],[5]]
[[e],[2,3],[4,1],[5]]
[[e,4,1],[2,3],[],[5]]
[[e,4],[1,2,3],[],[5]]
[[e,4,5],[1,2,3],[],[]]
[[e],[1,2,3],[4,5],[]]

Start state: [[e],[3,5,4],[1,2],[]]
Moves: 9
Solution: (read from top down)
[[e],[3,5,4],[1,2],[]]
[[e,3,5],[4],[1,2],[]]
[[e,3],[4],[1,2],[5]]
[[e,3,4],[],[1,2],[5]]
[[e,3],[],[1,2],[4,5]]
[[e],[3],[1,2],[4,5]]
[[e,1,2],[3],[],[4,5]]
[[e],[1,2,3],[],[4,5]]
[[e,4,5],[1,2,3],[],[]]
[[e],[1,2,3],[4,5],[]]

Start state: [[e],[3,5,4],[2,1],[]]
Moves: 11
Solution: (read from top down)
[[e],[3,5,4],[2,1],[]]
[[e,3,5],[4],[2,1],[]]
[[e],[4],[2,1],[3,5]]
[[e,4],[],[2,1],[3,5]]
[[e,4,3],[],[2,1],[5]]
[[e,4],[3],[2,1],[5]]
[[e,4,2],[3],[1],[5]]
[[e,4],[2,3],[1],[5]]
[[e,4,1],[2,3],[],[5]]
[[e,4],[1,2,3],[],[5]]
[[e,4,5],[1,2,3],[],[]]
[[e],[1,2,3],[4,5],[]]

Start state: [[e],[4,1,2],[3,5],[]]
Moves: 8
Solution: (read from top down)
[[e],[4,1,2],[3,5],[]]
[[e,4,1],[2],[3,5],[]]
[[e],[2],[3,5],[4,1]]
[[e,2],[],[3,5],[4,1]]
[[e,2,3],[],[5],[4,1]]
[[e],[2,3],[5],[4,1]]
[[e,4,1],[2,3],[5],[]]
[[e,4],[1,2,3],[5],[]]
[[e],[1,2,3],[4,5],[]]

Start state: [[e],[4,1,2],[5,3],[]]
Moves: 13
Solution: (read from top down)
[[e],[4,1,2],[5,3],[]]
[[e,4,1],[2],[5,3],[]]
[[e],[2],[5,3],[4,1]]
[[e,5,3],[2],[],[4,1]]
[[e,5],[3,2],[],[4,1]]
[[e],[3,2],[5],[4,1]]
[[e,3,2],[],[5],[4,1]]
[[e,3],[],[2,5],[4,1]]
[[e],[3],[2,5],[4,1]]
[[e,2],[3],[5],[4,1]]
[[e],[2,3],[5],[4,1]]
[[e,4,1],[2,3],[5],[]]
[[e,4],[1,2,3],[5],[]]
[[e],[1,2,3],[4,5],[]]

Start state: [[e],[4,1,3],[2,5],[]]
Moves: 7
Solution: (read from top down)
[[e],[4,1,3],[2,5],[]]
[[e,4,1],[3],[2,5],[]]
[[e],[3],[2,5],[4,1]]
[[e,2],[3],[5],[4,1]]
[[e],[2,3],[5],[4,1]]
[[e,4,1],[2,3],[5],[]]
[[e,4],[1,2,3],[5],[]]
[[e],[1,2,3],[4,5],[]]

Start state: [[e],[4,1,3],[5,2],[]]
Moves: 8
Solution: (read from top down)
[[e],[4,1,3],[5,2],[]]
[[e,4,1],[3],[5,2],[]]
[[e],[3],[5,2],[4,1]]
[[e,5,2],[3],[],[4,1]]
[[e,5],[2,3],[],[4,1]]
[[e],[2,3],[5],[4,1]]
[[e,4,1],[2,3],[5],[]]
[[e,4],[1,2,3],[5],[]]
[[e],[1,2,3],[4,5],[]]

Start state: [[e],[4,1,5],[2,3],[]]
Moves: 14
Solution: (read from top down)
[[e],[4,1,5],[2,3],[]]
[[e,4,1],[5],[2,3],[]]
[[e],[5],[2,3],[4,1]]
[[e,2,3],[5],[],[4,1]]
[[e,2],[3,5],[],[4,1]]
[[e],[3,5],[2],[4,1]]
[[e,3,5],[],[2],[4,1]]
[[e,3],[],[5,2],[4,1]]
[[e],[3],[5,2],[4,1]]
[[e,5,2],[3],[],[4,1]]
[[e,5],[2,3],[],[4,1]]
[[e],[2,3],[5],[4,1]]
[[e,4,1],[2,3],[5],[]]
[[e,4],[1,2,3],[5],[]]
[[e],[1,2,3],[4,5],[]]

Start state: [[e],[4,1,5],[3,2],[]]
Moves: 11
Solution: (read from top down)
[[e],[4,1,5],[3,2],[]]
[[e,4,1],[5],[3,2],[]]
[[e],[5],[3,2],[4,1]]
[[e,5],[],[3,2],[4,1]]
[[e,5,3],[],[2],[4,1]]
[[e,5],[3],[2],[4,1]]
[[e,5,2],[3],[],[4,1]]
[[e,5],[2,3],[],[4,1]]
[[e],[2,3],[5],[4,1]]
[[e,4,1],[2,3],[5],[]]
[[e,4],[1,2,3],[5],[]]
[[e],[1,2,3],[4,5],[]]

Start state: [[e],[4,2,1],[3,5],[]]
Moves: 9
Solution: (read from top down)
[[e],[4,2,1],[3,5],[]]
[[e,4,2],[1],[3,5],[]]
[[e],[1],[3,5],[4,2]]
[[e,1],[],[3,5],[4,2]]
[[e,1,3],[],[5],[4,2]]
[[e,1],[3],[5],[4,2]]
[[e,1,4],[3],[5],[2]]
[[e,1],[3],[4,5],[2]]
[[e,1,2],[3],[4,5],[]]
[[e],[1,2,3],[4,5],[]]

Start state: [[e],[4,2,1],[5,3],[]]
Moves: 12
Solution: (read from top down)
[[e],[4,2,1],[5,3],[]]
[[e,4,2],[1],[5,3],[]]
[[e],[1],[5,3],[4,2]]
[[e,5,3],[1],[],[4,2]]
[[e],[5,3,1],[],[4,2]]
[[e,4],[5,3,1],[],[2]]
[[e,4,5],[3,1],[],[2]]
[[e],[3,1],[4,5],[2]]
[[e,3,1],[],[4,5],[2]]
[[e,3],[],[4,5],[1,2]]
[[e],[3],[4,5],[1,2]]
[[e,1,2],[3],[4,5],[]]
[[e],[1,2,3],[4,5],[]]

Start state: [[e],[4,2,3],[1,5],[]]
Moves: 4
Solution: (read from top down)
[[e],[4,2,3],[1,5],[]]
[[e,4],[2,3],[1,5],[]]
[[e,4,1],[2,3],[5],[]]
[[e,4],[1,2,3],[5],[]]
[[e],[1,2,3],[4,5],[]]

Start state: [[e],[4,2,3],[5,1],[]]
Moves: 7
Solution: (read from top down)
[[e],[4,2,3],[5,1],[]]
[[e,5,1],[4,2,3],[],[]]
[[e],[4,2,3],[],[5,1]]
[[e,4],[2,3],[],[5,1]]
[[e,4,5],[2,3],[],[1]]
[[e],[2,3],[4,5],[1]]
[[e,1],[2,3],[4,5],[]]
[[e],[1,2,3],[4,5],[]]

Start state: [[e],[4,2,5],[1,3],[]]
Moves: 14
Solution: (read from top down)
[[e],[4,2,5],[1,3],[]]
[[e,4],[2,5],[1,3],[]]
[[e],[2,5],[1,3],[4]]
[[e,1,3],[2,5],[],[4]]
[[e,1],[2,5],[],[3,4]]
[[e],[2,5],[1],[3,4]]
[[e,2,5],[],[1],[3,4]]
[[e,2],[],[5,1],[3,4]]
[[e,2,3],[],[5,1],[4]]
[[e],[2,3],[5,1],[4]]
[[e,5,1],[2,3],[],[4]]
[[e,5],[1,2,3],[],[4]]
[[e],[1,2,3],[5],[4]]
[[e,4],[1,2,3],[5],[]]
[[e],[1,2,3],[4,5],[]]

Start state: [[e],[4,2,5],[3,1],[]]
Moves: 12
Solution: (read from top down)
[[e],[4,2,5],[3,1],[]]
[[e,4,2],[5],[3,1],[]]
[[e],[5],[3,1],[4,2]]
[[e,5],[],[3,1],[4,2]]
[[e,5,3],[],[1],[4,2]]
[[e],[5,3],[1],[4,2]]
[[e,1],[5,3],[],[4,2]]
[[e,1,5],[3],[],[4,2]]
[[e,1],[3],[5],[4,2]]
[[e,1,4],[3],[5],[2]]
[[e,1],[3],[4,5],[2]]
[[e,1,2],[3],[4,5],[]]
[[e],[1,2,3],[4,5],[]]

Start state: [[e],[4,3,1],[2,5],[]]
Moves: 9
Solution: (read from top down)
[[e],[4,3,1],[2,5],[]]
[[e,4],[3,1],[2,5],[]]
[[e,4,2],[3,1],[5],[]]
[[e,4],[3,1],[5],[2]]
[[e],[3,1],[4,5],[2]]
[[e,3,1],[],[4,5],[2]]
[[e,3],[],[4,5],[1,2]]
[[e],[3],[4,5],[1,2]]
[[e,1,2],[3],[4,5],[]]
[[e],[1,2,3],[4,5],[]]

Start state: [[e],[4,3,1],[5,2],[]]
Moves: 10
Solution: (read from top down)
[[e],[4,3,1],[5,2],[]]
[[e,5,2],[4,3,1],[],[]]
[[e],[4,3,1],[],[5,2]]
[[e,4],[3,1],[],[5,2]]
[[e,4,5],[3,1],[],[2]]
[[e],[3,1],[4,5],[2]]
[[e,3,1],[],[4,5],[2]]
[[e,3],[],[4,5],[1,2]]
[[e],[3],[4,5],[1,2]]
[[e,1,2],[3],[4,5],[]]
[[e],[1,2,3],[4,5],[]]

Start state: [[e],[4,3,2],[1,5],[]]
Moves: 10
Solution: (read from top down)
[[e],[4,3,2],[1,5],[]]
[[e,4],[3,2],[1,5],[]]
[[e],[3,2],[1,5],[4]]
[[e,3,2],[],[1,5],[4]]
[[e,3],[],[1,5],[2,4]]
[[e],[3],[1,5],[2,4]]
[[e,1],[3],[5],[2,4]]
[[e,1,2],[3],[5],[4]]
[[e],[1,2,3],[5],[4]]
[[e,4],[1,2,3],[5],[]]
[[e],[1,2,3],[4,5],[]]

Start state: [[e],[4,3,2],[5,1],[]]
Moves: 11
Solution: (read from top down)
[[e],[4,3,2],[5,1],[]]
[[e,5,1],[4,3,2],[],[]]
[[e,5],[4,3,2],[],[1]]
[[e],[4,3,2],[5],[1]]
[[e,4,3],[2],[5],[1]]
[[e,4],[2],[5],[3,1]]
[[e],[2],[4,5],[3,1]]
[[e,2],[],[4,5],[3,1]]
[[e,2,3],[],[4,5],[1]]
[[e],[2,3],[4,5],[1]]
[[e,1],[2,3],[4,5],[]]
[[e],[1,2,3],[4,5],[]]

Start state: [[e],[4,3,5],[1,2],[]]
Moves: 11
Solution: (read from top down)
[[e],[4,3,5],[1,2],[]]
[[e,4],[3,5],[1,2],[]]
[[e],[3,5],[1,2],[4]]
[[e,3,5],[],[1,2],[4]]
[[e,3],[],[1,2],[5,4]]
[[e],[3],[1,2],[5,4]]
[[e,1,2],[3],[],[5,4]]
[[e],[1,2,3],[],[5,4]]
[[e,5],[1,2,3],[],[4]]
[[e],[1,2,3],[5],[4]]
[[e,4],[1,2,3],[5],[]]
[[e],[1,2,3],[4,5],[]]

Start state: [[e],[4,3,5],[2,1],[]]
Moves: 13
Solution: (read from top down)
[[e],[4,3,5],[2,1],[]]
[[e,4],[3,5],[2,1],[]]
[[e],[3,5],[2,1],[4]]
[[e,3,5],[],[2,1],[4]]
[[e,3],[],[2,1],[5,4]]
[[e],[3],[2,1],[5,4]]
[[e,2],[3],[1],[5,4]]
[[e],[2,3],[1],[5,4]]
[[e,1],[2,3],[],[5,4]]
[[e],[1,2,3],[],[5,4]]
[[e,5],[1,2,3],[],[4]]
[[e],[1,2,3],[5],[4]]
[[e,4],[1,2,3],[5],[]]
[[e],[1,2,3],[4,5],[]]

Start state: [[e],[4,5,1],[2,3],[]]
Moves: 11
Solution: (read from top down)
[[e],[4,5,1],[2,3],[]]
[[e,2],[4,5,1],[3],[]]
[[e],[4,5,1],[3],[2]]
[[e,3],[4,5,1],[],[2]]
[[e],[4,5,1],[],[3,2]]
[[e,4,5],[1],[],[3,2]]
[[e],[1],[4,5],[3,2]]
[[e,1],[],[4,5],[3,2]]
[[e,1,3],[],[4,5],[2]]
[[e,1],[3],[4,5],[2]]
[[e,1,2],[3],[4,5],[]]
[[e],[1,2,3],[4,5],[]]

Start state: [[e],[4,5,1],[3,2],[]]
Moves: 9
Solution: (read from top down)
[[e],[4,5,1],[3,2],[]]
[[e,4,5],[1],[3,2],[]]
[[e],[1],[3,2],[4,5]]
[[e,1],[],[3,2],[4,5]]
[[e,1,3],[],[2],[4,5]]
[[e,1],[3],[2],[4,5]]
[[e,1,2],[3],[],[4,5]]
[[e],[1,2,3],[],[4,5]]
[[e,4,5],[1,2,3],[],[]]
[[e],[1,2,3],[4,5],[]]

Start state: [[e],[4,5,2],[1,3],[]]
Moves: 11
Solution: (read from top down)
[[e],[4,5,2],[1,3],[]]
[[e,1],[4,5,2],[3],[]]
[[e],[4,5,2],[3],[1]]
[[e,3],[4,5,2],[],[1]]
[[e],[4,5,2],[],[3,1]]
[[e,4,5],[2],[],[3,1]]
[[e],[2],[4,5],[3,1]]
[[e,2],[],[4,5],[3,1]]
[[e,2,3],[],[4,5],[1]]
[[e],[2,3],[4,5],[1]]
[[e,1],[2,3],[4,5],[]]
[[e],[1,2,3],[4,5],[]]

Start state: [[e],[4,5,2],[3,1],[]]
Moves: 9
Solution: (read from top down)
[[e],[4,5,2],[3,1],[]]
[[e,4,5],[2],[3,1],[]]
[[e],[2],[3,1],[4,5]]
[[e,2],[],[3,1],[4,5]]
[[e,2,3],[],[1],[4,5]]
[[e],[2,3],[1],[4,5]]
[[e,1],[2,3],[],[4,5]]
[[e],[1,2,3],[],[4,5]]
[[e,4,5],[1,2,3],[],[]]
[[e],[1,2,3],[4,5],[]]

Start state: [[e],[4,5,3],[1,2],[]]
Moves: 6
Solution: (read from top down)
[[e],[4,5,3],[1,2],[]]
[[e,4,5],[3],[1,2],[]]
[[e],[3],[1,2],[4,5]]
[[e,1,2],[3],[],[4,5]]
[[e],[1,2,3],[],[4,5]]
[[e,4,5],[1,2,3],[],[]]
[[e],[1,2,3],[4,5],[]]

Start state: [[e],[4,5,3],[2,1],[]]
Moves: 8
Solution: (read from top down)
[[e],[4,5,3],[2,1],[]]
[[e,4,5],[3],[2,1],[]]
[[e],[3],[2,1],[4,5]]
[[e,2],[3],[1],[4,5]]
[[e],[2,3],[1],[4,5]]
[[e,1],[2,3],[],[4,5]]
[[e],[1,2,3],[],[4,5]]
[[e,4,5],[1,2,3],[],[]]
[[e],[1,2,3],[4,5],[]]

Start state: [[e],[5,1,2],[3,4],[]]
Moves: 10
Solution: (read from top down)
[[e],[5,1,2],[3,4],[]]
[[e,5,1],[2],[3,4],[]]
[[e],[2],[3,4],[5,1]]
[[e,2],[],[3,4],[5,1]]
[[e,2,3],[],[4],[5,1]]
[[e],[2,3],[4],[5,1]]
[[e,4],[2,3],[],[5,1]]
[[e,4,5],[2,3],[],[1]]
[[e],[2,3],[4,5],[1]]
[[e,1],[2,3],[4,5],[]]
[[e],[1,2,3],[4,5],[]]

Start state: [[e],[5,1,2],[4,3],[]]
Moves: 12
Solution: (read from top down)
[[e],[5,1,2],[4,3],[]]
[[e,5,1],[2],[4,3],[]]
[[e,5],[2],[4,3],[1]]
[[e],[5,2],[4,3],[1]]
[[e,4,3],[5,2],[],[1]]
[[e,4],[5,2],[],[3,1]]
[[e,4,5],[2],[],[3,1]]
[[e],[2],[4,5],[3,1]]
[[e,2],[],[4,5],[3,1]]
[[e,2,3],[],[4,5],[1]]
[[e],[2,3],[4,5],[1]]
[[e,1],[2,3],[4,5],[]]
[[e],[1,2,3],[4,5],[]]

Start state: [[e],[5,1,3],[2,4],[]]
Moves: 8
Solution: (read from top down)
[[e],[5,1,3],[2,4],[]]
[[e,5],[1,3],[2,4],[]]
[[e],[1,3],[2,4],[5]]
[[e,1],[3],[2,4],[5]]
[[e,1,2],[3],[4],[5]]
[[e],[1,2,3],[4],[5]]
[[e,4],[1,2,3],[],[5]]
[[e,4,5],[1,2,3],[],[]]
[[e],[1,2,3],[4,5],[]]

Start state: [[e],[5,1,3],[4,2],[]]
Moves: 7
Solution: (read from top down)
[[e],[5,1,3],[4,2],[]]
[[e,4,2],[5,1,3],[],[]]
[[e,4],[5,1,3],[],[2]]
[[e,4,5],[1,3],[],[2]]
[[e],[1,3],[4,5],[2]]
[[e,1],[3],[4,5],[2]]
[[e,1,2],[3],[4,5],[]]
[[e],[1,2,3],[4,5],[]]

Start state: [[e],[5,1,4],[2,3],[]]
Moves: 12
Solution: (read from top down)
[[e],[5,1,4],[2,3],[]]
[[e,5],[1,4],[2,3],[]]
[[e,5,2],[1,4],[3],[]]
[[e,5],[1,4],[3],[2]]
[[e,5,3],[1,4],[],[2]]
[[e,5],[1,4],[],[3,2]]
[[e],[1,4],[5],[3,2]]
[[e,1,4],[],[5],[3,2]]
[[e,1],[],[4,5],[3,2]]
[[e,1,3],[],[4,5],[2]]
[[e,1],[3],[4,5],[2]]
[[e,1,2],[3],[4,5],[]]
[[e],[1,2,3],[4,5],[]]

Start state: [[e],[5,1,4],[3,2],[]]
Moves: 10
Solution: (read from top down)
[[e],[5,1,4],[3,2],[]]
[[e,3,2],[5,1,4],[],[]]
[[e],[5,1,4],[],[3,2]]
[[e,5],[1,4],[],[3,2]]
[[e],[1,4],[5],[3,2]]
[[e,1,4],[],[5],[3,2]]
[[e,1],[],[4,5],[3,2]]
[[e,1,3],[],[4,5],[2]]
[[e,1],[3],[4,5],[2]]
[[e,1,2],[3],[4,5],[]]
[[e],[1,2,3],[4,5],[]]

Start state: [[e],[5,2,1],[3,4],[]]
Moves: 11
Solution: (read from top down)
[[e],[5,2,1],[3,4],[]]
[[e,5,2],[1],[3,4],[]]
[[e],[1],[3,4],[5,2]]
[[e,1],[],[3,4],[5,2]]
[[e,1,3],[],[4],[5,2]]
[[e],[1,3],[4],[5,2]]
[[e,4],[1,3],[],[5,2]]
[[e,4,5],[1,3],[],[2]]
[[e],[1,3],[4,5],[2]]
[[e,1],[3],[4,5],[2]]
[[e,1,2],[3],[4,5],[]]
[[e],[1,2,3],[4,5],[]]

Start state: [[e],[5,2,1],[4,3],[]]
Moves: 11
Solution: (read from top down)
[[e],[5,2,1],[4,3],[]]
[[e,5,2],[1],[4,3],[]]
[[e],[1],[4,3],[5,2]]
[[e,4,3],[1],[],[5,2]]
[[e,4],[3,1],[],[5,2]]
[[e,4,5],[3,1],[],[2]]
[[e],[3,1],[4,5],[2]]
[[e,3,1],[],[4,5],[2]]
[[e,3],[],[4,5],[1,2]]
[[e],[3],[4,5],[1,2]]
[[e,1,2],[3],[4,5],[]]
[[e],[1,2,3],[4,5],[]]

Start state: [[e],[5,2,3],[1,4],[]]
Moves: 7
Solution: (read from top down)
[[e],[5,2,3],[1,4],[]]
[[e,1,4],[5,2,3],[],[]]
[[e],[5,2,3],[],[1,4]]
[[e,5],[2,3],[],[1,4]]
[[e],[2,3],[5],[1,4]]
[[e,1,4],[2,3],[5],[]]
[[e,1],[2,3],[4,5],[]]
[[e],[1,2,3],[4,5],[]]

Start state: [[e],[5,2,3],[4,1],[]]
Moves: 6
Solution: (read from top down)
[[e],[5,2,3],[4,1],[]]
[[e,4,1],[5,2,3],[],[]]
[[e,4],[5,2,3],[],[1]]
[[e,4,5],[2,3],[],[1]]
[[e],[2,3],[4,5],[1]]
[[e,1],[2,3],[4,5],[]]
[[e],[1,2,3],[4,5],[]]

Start state: [[e],[5,2,4],[1,3],[]]
Moves: 12
Solution: (read from top down)
[[e],[5,2,4],[1,3],[]]
[[e,5,2],[4],[1,3],[]]
[[e],[4],[1,3],[5,2]]
[[e,1,3],[4],[],[5,2]]
[[e,1],[3,4],[],[5,2]]
[[e,1,5],[3,4],[],[2]]
[[e,1],[3,4],[5],[2]]
[[e],[3,4],[5],[1,2]]
[[e,3,4],[],[5],[1,2]]
[[e,3],[],[4,5],[1,2]]
[[e],[3],[4,5],[1,2]]
[[e,1,2],[3],[4,5],[]]
[[e],[1,2,3],[4,5],[]]

Start state: [[e],[5,2,4],[3,1],[]]
Moves: 10
Solution: (read from top down)
[[e],[5,2,4],[3,1],[]]
[[e,3,1],[5,2,4],[],[]]
[[e],[5,2,4],[],[3,1]]
[[e,5],[2,4],[],[3,1]]
[[e],[2,4],[5],[3,1]]
[[e,2,4],[],[5],[3,1]]
[[e,2],[],[4,5],[3,1]]
[[e,2,3],[],[4,5],[1]]
[[e],[2,3],[4,5],[1]]
[[e,1],[2,3],[4,5],[]]
[[e],[1,2,3],[4,5],[]]

Start state: [[e],[5,3,1],[2,4],[]]
Moves: 10
Solution: (read from top down)
[[e],[5,3,1],[2,4],[]]
[[e,2],[5,3,1],[4],[]]
[[e],[5,3,1],[4],[2]]
[[e,4],[5,3,1],[],[2]]
[[e,4,5],[3,1],[],[2]]
[[e],[3,1],[4,5],[2]]
[[e,3,1],[],[4,5],[2]]
[[e,3],[],[4,5],[1,2]]
[[e],[3],[4,5],[1,2]]
[[e,1,2],[3],[4,5],[]]
[[e],[1,2,3],[4,5],[]]

Start state: [[e],[5,3,1],[4,2],[]]
Moves: 9
Solution: (read from top down)
[[e],[5,3,1],[4,2],[]]
[[e,4,2],[5,3,1],[],[]]
[[e,4],[5,3,1],[],[2]]
[[e,4,5],[3,1],[],[2]]
[[e],[3,1],[4,5],[2]]
[[e,3,1],[],[4,5],[2]]
[[e,3],[],[4,5],[1,2]]
[[e],[3],[4,5],[1,2]]
[[e,1,2],[3],[4,5],[]]
[[e],[1,2,3],[4,5],[]]

Start state: [[e],[5,3,2],[1,4],[]]
Moves: 11
Solution: (read from top down)
[[e],[5,3,2],[1,4],[]]
[[e,5],[3,2],[1,4],[]]
[[e],[3,2],[1,4],[5]]
[[e,3,2],[],[1,4],[5]]
[[e,3],[],[1,4],[2,5]]
[[e],[3],[1,4],[2,5]]
[[e,1],[3],[4],[2,5]]
[[e,1,2],[3],[4],[5]]
[[e],[1,2,3],[4],[5]]
[[e,4],[1,2,3],[],[5]]
[[e,4,5],[1,2,3],[],[]]
[[e],[1,2,3],[4,5],[]]

Start state: [[e],[5,3,2],[4,1],[]]
Moves: 11
Solution: (read from top down)
[[e],[5,3,2],[4,1],[]]
[[e,4,1],[5,3,2],[],[]]
[[e,4],[5,3,2],[],[1]]
[[e,4,5],[3,2],[],[1]]
[[e],[3,2],[4,5],[1]]
[[e,3,2],[],[4,5],[1]]
[[e,3],[],[4,5],[2,1]]
[[e],[3],[4,5],[2,1]]
[[e,2],[3],[4,5],[1]]
[[e],[2,3],[4,5],[1]]
[[e,1],[2,3],[4,5],[]]
[[e],[1,2,3],[4,5],[]]

Start state: [[e],[5,3,4],[1,2],[]]
Moves: 9
Solution: (read from top down)
[[e],[5,3,4],[1,2],[]]
[[e,1,2],[5,3,4],[],[]]
[[e],[5,3,4],[],[1,2]]
[[e,5],[3,4],[],[1,2]]
[[e],[3,4],[5],[1,2]]
[[e,3,4],[],[5],[1,2]]
[[e,3],[],[4,5],[1,2]]
[[e],[3],[4,5],[1,2]]
[[e,1,2],[3],[4,5],[]]
[[e],[1,2,3],[4,5],[]]

Start state: [[e],[5,3,4],[2,1],[]]
Moves: 11
Solution: (read from top down)
[[e],[5,3,4],[2,1],[]]
[[e,2,1],[5,3,4],[],[]]
[[e],[5,3,4],[],[2,1]]
[[e,5],[3,4],[],[2,1]]
[[e],[3,4],[5],[2,1]]
[[e,3,4],[],[5],[2,1]]
[[e,3],[],[4,5],[2,1]]
[[e],[3],[4,5],[2,1]]
[[e,2],[3],[4,5],[1]]
[[e],[2,3],[4,5],[1]]
[[e,1],[2,3],[4,5],[]]
[[e],[1,2,3],[4,5],[]]

Start state: [[e],[5,4,1],[2,3],[]]
Moves: 12
Solution: (read from top down)
[[e],[5,4,1],[2,3],[]]
[[e,2],[5,4,1],[3],[]]
[[e],[5,4,1],[3],[2]]
[[e,3],[5,4,1],[],[2]]
[[e,3,5],[4,1],[],[2]]
[[e],[4,1],[3,5],[2]]
[[e,4,1],[],[3,5],[2]]
[[e,4],[],[3,5],[1,2]]
[[e,4,3],[],[5],[1,2]]
[[e,4],[3],[5],[1,2]]
[[e],[3],[4,5],[1,2]]
[[e,1,2],[3],[4,5],[]]
[[e],[1,2,3],[4,5],[]]

Start state: [[e],[5,4,1],[3,2],[]]
Moves: 11
Solution: (read from top down)
[[e],[5,4,1],[3,2],[]]
[[e,5,4],[1],[3,2],[]]
[[e],[1],[3,2],[5,4]]
[[e,1],[],[3,2],[5,4]]
[[e,1,3],[],[2],[5,4]]
[[e,1],[3],[2],[5,4]]
[[e,1,2],[3],[],[5,4]]
[[e],[1,2,3],[],[5,4]]
[[e,5],[1,2,3],[],[4]]
[[e],[1,2,3],[5],[4]]
[[e,4],[1,2,3],[5],[]]
[[e],[1,2,3],[4,5],[]]

Start state: [[e],[5,4,2],[1,3],[]]
Moves: 13
Solution: (read from top down)
[[e],[5,4,2],[1,3],[]]
[[e,5],[4,2],[1,3],[]]
[[e,5,1],[4,2],[3],[]]
[[e,5],[4,2],[3],[1]]
[[e,5,3],[4,2],[],[1]]
[[e,5],[4,2],[],[3,1]]
[[e],[4,2],[5],[3,1]]
[[e,4],[2],[5],[3,1]]
[[e],[2],[4,5],[3,1]]
[[e,2],[],[4,5],[3,1]]
[[e,2,3],[],[4,5],[1]]
[[e],[2,3],[4,5],[1]]
[[e,1],[2,3],[4,5],[]]
[[e],[1,2,3],[4,5],[]]

Start state: [[e],[5,4,2],[3,1],[]]
Moves: 11
Solution: (read from top down)
[[e],[5,4,2],[3,1],[]]
[[e,5,4],[2],[3,1],[]]
[[e],[2],[3,1],[5,4]]
[[e,2],[],[3,1],[5,4]]
[[e,2,3],[],[1],[5,4]]
[[e],[2,3],[1],[5,4]]
[[e,1],[2,3],[],[5,4]]
[[e],[1,2,3],[],[5,4]]
[[e,5],[1,2,3],[],[4]]
[[e],[1,2,3],[5],[4]]
[[e,4],[1,2,3],[5],[]]
[[e],[1,2,3],[4,5],[]]

Start state: [[e],[5,4,3],[1,2],[]]
Moves: 8
Solution: (read from top down)
[[e],[5,4,3],[1,2],[]]
[[e,5,4],[3],[1,2],[]]
[[e],[3],[1,2],[5,4]]
[[e,1,2],[3],[],[5,4]]
[[e],[1,2,3],[],[5,4]]
[[e,5],[1,2,3],[],[4]]
[[e],[1,2,3],[5],[4]]
[[e,4],[1,2,3],[5],[]]
[[e],[1,2,3],[4,5],[]]

Start state: [[e],[5,4,3],[2,1],[]]
Moves: 9
Solution: (read from top down)
[[e],[5,4,3],[2,1],[]]
[[e,5,4],[3],[2,1],[]]
[[e,5],[3],[2,1],[4]]
[[e,5,2],[3],[1],[4]]
[[e,5],[2,3],[1],[4]]
[[e,5,1],[2,3],[],[4]]
[[e,5],[1,2,3],[],[4]]
[[e],[1,2,3],[5],[4]]
[[e,4],[1,2,3],[5],[]]
[[e],[1,2,3],[4,5],[]]

